-3.14          -0.00159255          2.53621e-006
-3.12          -0.0215909          0.000466165
-3.1          -0.0415805          0.00172894
-3.08          -0.0615536          0.00378884
-3.06          -0.081502          0.00664257
-3.04          -0.101418          0.0102856
-3.02          -0.121293          0.014712
-3          -0.14112          0.0199148
-2.98          -0.16089          0.0258856
-2.96          -0.180596          0.0326149
-2.94          -0.20023          0.0400919
-2.92          -0.219783          0.0483047
-2.9          -0.239249          0.0572401
-2.88          -0.258619          0.0668838
-2.86          -0.277886          0.0772204
-2.84          -0.297041          0.0882333
-2.82          -0.316078          0.099905
-2.8          -0.334988          0.112217
-2.78          -0.353764          0.125149
-2.76          -0.372399          0.138681
-2.74          -0.390884          0.152791
-2.72          -0.409214          0.167456
-2.7          -0.427379          0.182653
-2.68          -0.445374          0.198358
-2.66          -0.463191          0.214546
-2.64          -0.480822          0.23119
-2.62          -0.498261          0.248264
-2.6          -0.515501          0.265741
-2.58          -0.532534          0.283593
-2.56          -0.549355          0.301791
-2.54          -0.565956          0.320306
-2.52          -0.58233          0.339108
-2.5          -0.598472          0.358168
-2.48          -0.614374          0.377455
-2.46          -0.63003          0.396938
-2.44          -0.645434          0.416586
-2.42          -0.660581          0.436367
-2.4          -0.675463          0.45625
-2.38          -0.690074          0.476203
-2.36          -0.70441          0.496194
-2.34          -0.718464          0.516191
-2.32          -0.732231          0.536162
-2.3          -0.745705          0.556075
-2.28          -0.75888          0.575899
-2.26          -0.771752          0.595601
-2.24          -0.784315          0.615151
-2.22          -0.796565          0.634516
-2.2          -0.808496          0.653665
-2.18          -0.820103          0.67257
-2.16          -0.831383          0.691197
-2.14          -0.84233          0.70952
-2.12          -0.85294          0.727507
-2.1          -0.863209          0.745129
-2.08          -0.873132          0.76236
-2.06          -0.882707          0.779171
-2.04          -0.891928          0.795536
-2.02          -0.900793          0.811427
-2          -0.909297          0.826821
-1.98          -0.917437          0.841692
-1.96          -0.925211          0.856015
-1.94          -0.932615          0.86977
-1.92          -0.939645          0.882933
-1.9          -0.9463          0.895483
-1.88          -0.952576          0.907401
-1.86          -0.958471          0.918666
-1.84          -0.963983          0.929263
-1.82          -0.969109          0.939172
-1.8          -0.973847          0.948379
-1.78          -0.978196          0.956868
-1.76          -0.982154          0.964627
-1.74          -0.985719          0.971642
-1.72          -0.98889          0.977903
-1.7          -0.991665          0.983399
-1.68          -0.994043          0.988122
-1.66          -0.996024          0.992064
-1.64          -0.997606          0.995218
-1.62          -0.99879          0.997581
-1.6          -0.999574          0.999147
-1.58          -0.999958          0.999915
-1.56          -0.999942          0.999883
-1.54          -0.999526          0.999052
-1.52          -0.99871          0.997422
-1.5          -0.997495          0.994996
-1.48          -0.995881          0.991779
-1.46          -0.993869          0.987775
-1.44          -0.991459          0.98299
-1.42          -0.988652          0.977433
-1.4          -0.98545          0.971112
-1.38          -0.981854          0.964037
-1.36          -0.977865          0.95622
-1.34          -0.973485          0.947673
-1.32          -0.968716          0.93841
-1.3          -0.963559          0.928445
-1.28          -0.958016          0.917795
-1.26          -0.952091          0.906477
-1.24          -0.945785          0.894509
-1.22          -0.9391          0.881909
-1.2          -0.93204          0.868698
-1.18          -0.924607          0.854898
-1.16          -0.916804          0.840529
-1.14          -0.908634          0.825616
-1.12          -0.900101          0.810182
-1.1          -0.891208          0.794252
-1.08          -0.881959          0.777851
-1.06          -0.872357          0.761006
-1.04          -0.862405          0.743743
-1.02          -0.852109          0.72609
-1          -0.841472          0.708075
-0.980002          -0.830499          0.689728
-0.960002          -0.819193          0.671077
-0.940002          -0.807559          0.652152
-0.920002          -0.795603          0.632984
-0.900002          -0.783328          0.613603
-0.880002          -0.77074          0.594041
-0.860002          -0.757844          0.574328
-0.840002          -0.744645          0.554496
-0.820002          -0.731147          0.534577
-0.800002          -0.717358          0.514602
-0.780002          -0.703281          0.494604
-0.760002          -0.688923          0.474615
-0.740002          -0.67429          0.454667
-0.720002          -0.659386          0.434791
-0.700002          -0.64422          0.415019
-0.680002          -0.628795          0.395383
-0.660002          -0.613119          0.375915
-0.640002          -0.597197          0.356645
-0.620003          -0.581037          0.337604
-0.600003          -0.564645          0.318823
-0.580003          -0.548026          0.300333
-0.560003          -0.531188          0.282161
-0.540003          -0.514138          0.264338
-0.520003          -0.496882          0.246892
-0.500003          -0.479428          0.229851
-0.480003          -0.461781          0.213242
-0.460003          -0.44395          0.197092
-0.440003          -0.425942          0.181426
-0.420003          -0.407763          0.166271
-0.400003          -0.389421          0.151648
-0.380003          -0.370923          0.137584
-0.360003          -0.352277          0.124099
-0.340003          -0.333489          0.111215
-0.320003          -0.314569          0.0989536
-0.300003          -0.295523          0.0873336
-0.280003          -0.276358          0.0763738
-0.260002          -0.257083          0.0660916
-0.240002          -0.237705          0.0565037
-0.220003          -0.218232          0.0476252
-0.200003          -0.198672          0.0394705
-0.180003          -0.179032          0.0320525
-0.160003          -0.159321          0.0253831
-0.140003          -0.139546          0.019473
-0.120003          -0.119715          0.0143316
-0.100003          -0.0998359          0.00996721
-0.0800025          -0.0799172          0.00638676
-0.0600025          -0.0599665          0.00359598
-0.0400025          -0.0399918          0.00159935
-0.0200025          -0.0200012          0.000400047
-2.5104e-006          -2.5104e-006          6.3021e-012
0.0199975          0.0199962          0.000399846
0.0399975          0.0399868          0.00159895
0.0599975          0.0599615          0.00359538
0.0799975          0.0799122          0.00638596
0.0999975          0.0998309          0.00996621
0.119997          0.11971          0.0143304
0.139997          0.139541          0.0194716
0.159997          0.159316          0.0253815
0.179997          0.179027          0.0320507
0.199997          0.198667          0.0394685
0.219997          0.218227          0.0476231
0.239997          0.2377          0.0565014
0.259997          0.257078          0.0660892
0.279997          0.276353          0.0763711
0.299998          0.295518          0.0873308
0.319998          0.314564          0.0989506
0.339998          0.333485          0.111212
0.359998          0.352272          0.124096
0.379998          0.370918          0.13758
0.399998          0.389416          0.151645
0.419998          0.407758          0.166267
0.439998          0.425937          0.181423
0.459998          0.443946          0.197088
0.479998          0.461777          0.213238
0.499998          0.479423          0.229847
0.519998          0.496878          0.246888
0.539998          0.514134          0.264334
0.559998          0.531184          0.282157
0.579998          0.548022          0.300328
0.599998          0.56464          0.318819
0.619998          0.581033          0.337599
0.639997          0.597193          0.35664
0.659997          0.613115          0.37591
0.679997          0.628791          0.395378
0.699997          0.644216          0.415014
0.719997          0.659383          0.434786
0.739997          0.674286          0.454662
0.759997          0.68892          0.47461
0.779997          0.703278          0.494599
0.799997          0.717354          0.514597
0.819997          0.731144          0.534572
0.839997          0.744641          0.554491
0.859997          0.757841          0.574323
0.879997          0.770737          0.594036
0.899997          0.783325          0.613598
0.919997          0.7956          0.632979
0.939997          0.807556          0.652147
0.959997          0.81919          0.671072
0.979997          0.830496          0.689723
0.999997          0.841469          0.708071
1.02          0.852107          0.726086
1.04          0.862403          0.743739
1.06          0.872354          0.761002
1.08          0.881956          0.777847
1.1          0.891206          0.794248
1.12          0.900099          0.810178
1.14          0.908632          0.825613
1.16          0.916802          0.840526
1.18          0.924605          0.854894
1.2          0.932038          0.868695
1.22          0.939098          0.881906
1.24          0.945783          0.894505
1.26          0.952089          0.906474
1.28          0.958015          0.917793
1.3          0.963557          0.928443
1.32          0.968714          0.938407
1.34          0.973484          0.947671
1.36          0.977864          0.956218
1.38          0.981853          0.964035
1.4          0.985449          0.97111
1.42          0.988651          0.977431
1.44          0.991458          0.982989
1.46          0.993868          0.987774
1.48          0.995881          0.991778
1.5          0.997495          0.994996
1.52          0.99871          0.997422
1.54          0.999526          0.999052
1.56          0.999942          0.999883
1.58          0.999958          0.999915
1.6          0.999574          0.999148
1.62          0.99879          0.997581
1.64          0.997607          0.995219
1.66          0.996024          0.992064
1.68          0.994044          0.988123
1.7          0.991665          0.9834
1.72          0.98889          0.977904
1.74          0.98572          0.971643
1.76          0.982155          0.964628
1.78          0.978197          0.95687
1.8          0.973848          0.948381
1.82          0.96911          0.939174
1.84          0.963984          0.929265
1.86          0.958472          0.918669
1.88          0.952577          0.907404
1.9          0.946301          0.895486
1.92          0.939647          0.882936
1.94          0.932616          0.869773
1.96          0.925213          0.856019
1.98          0.917439          0.841695
2          0.909299          0.826825
2.02          0.900795          0.811431
2.04          0.89193          0.79554
2.06          0.882709          0.779175
2.08          0.873135          0.762365
2.1          0.863211          0.745134
2.12          0.852943          0.727511
2.14          0.842333          0.709524
2.16          0.831386          0.691202
2.18          0.820106          0.672574
2.2          0.808499          0.65367
2.22          0.796568          0.63452
2.24          0.784318          0.615155
2.26          0.771755          0.595606
2.28          0.758883          0.575904
2.3          0.745708          0.55608
2.32          0.732234          0.536167
2.34          0.718468          0.516196
2.36          0.704414          0.496199
2.38          0.690078          0.476208
2.4          0.675466          0.456255
2.42          0.660584          0.436372
2.44          0.645438          0.416591
2.46          0.630034          0.396943
2.48          0.614378          0.37746
2.5          0.598476          0.358173
2.52          0.582334          0.339113
2.54          0.56596          0.32031
2.56          0.549359          0.301795
2.58          0.532539          0.283597
2.6          0.515505          0.265746
2.62          0.498265          0.248268
2.64          0.480826          0.231194
2.66          0.463195          0.21455
2.68          0.445379          0.198362
2.7          0.427384          0.182657
2.72          0.409218          0.16746
2.74          0.390889          0.152794
2.76          0.372403          0.138684
2.78          0.353769          0.125152
2.8          0.334992          0.11222
2.82          0.316082          0.099908
2.84          0.297046          0.0882362
2.86          0.27789          0.0772231
2.88          0.258624          0.0668863
2.9          0.239254          0.0572424
2.92          0.219788          0.0483068
2.94          0.200235          0.0400939
2.96          0.180601          0.0326167
2.98          0.160895          0.0258872
3          0.141125          0.0199162
3.02          0.121298          0.0147132
3.04          0.101423          0.0102866
3.06          0.081507          0.00664338
3.08          0.0615586          0.00378946
3.1          0.0415855          0.00172936
3.12          0.0215959          0.000466381
3.14          0.00159755          2.55218e-006
-3.14          -0.00159255          2.53621e-006
-3.12          -0.0215909          0.000466165
-3.1          -0.0415805          0.00172894
-3.08          -0.0615536          0.00378884
-3.06          -0.081502          0.00664257
-3.04          -0.101418          0.0102856
-3.02          -0.121293          0.014712
-3          -0.14112          0.0199148
-2.98          -0.16089          0.0258856
-2.96          -0.180596          0.0326149
-2.94          -0.20023          0.0400919
-2.92          -0.219783          0.0483047
-2.9          -0.239249          0.0572401
-2.88          -0.258619          0.0668838
-2.86          -0.277886          0.0772204
-2.84          -0.297041          0.0882333
-2.82          -0.316078          0.099905
-2.8          -0.334988          0.112217
-2.78          -0.353764          0.125149
-2.76          -0.372399          0.138681
-2.74          -0.390884          0.152791
-2.72          -0.409214          0.167456
-2.7          -0.427379          0.182653
-2.68          -0.445374          0.198358
-2.66          -0.463191          0.214546
-2.64          -0.480822          0.23119
-2.62          -0.498261          0.248264
-2.6          -0.515501          0.265741
-2.58          -0.532534          0.283593
-2.56          -0.549355          0.301791
-2.54          -0.565956          0.320306
-2.52          -0.58233          0.339108
-2.5          -0.598472          0.358168
-2.48          -0.614374          0.377455
-2.46          -0.63003          0.396938
-2.44          -0.645434          0.416586
-2.42          -0.660581          0.436367
-2.4          -0.675463          0.45625
-2.38          -0.690074          0.476203
-2.36          -0.70441          0.496194
-2.34          -0.718464          0.516191
-2.32          -0.732231          0.536162
-2.3          -0.745705          0.556075
-2.28          -0.75888          0.575899
-2.26          -0.771752          0.595601
-2.24          -0.784315          0.615151
-2.22          -0.796565          0.634516
-2.2          -0.808496          0.653665
-2.18          -0.820103          0.67257
-2.16          -0.831383          0.691197
-2.14          -0.84233          0.70952
-2.12          -0.85294          0.727507
-2.1          -0.863209          0.745129
-2.08          -0.873132          0.76236
-2.06          -0.882707          0.779171
-2.04          -0.891928          0.795536
-2.02          -0.900793          0.811427
-2          -0.909297          0.826821
-1.98          -0.917437          0.841692
-1.96          -0.925211          0.856015
-1.94          -0.932615          0.86977
-1.92          -0.939645          0.882933
-1.9          -0.9463          0.895483
-1.88          -0.952576          0.907401
-1.86          -0.958471          0.918666
-1.84          -0.963983          0.929263
-1.82          -0.969109          0.939172
-1.8          -0.973847          0.948379
-1.78          -0.978196          0.956868
-1.76          -0.982154          0.964627
-1.74          -0.985719          0.971642
-1.72          -0.98889          0.977903
-1.7          -0.991665          0.983399
-1.68          -0.994043          0.988122
-1.66          -0.996024          0.992064
-1.64          -0.997606          0.995218
-1.62          -0.99879          0.997581
-1.6          -0.999574          0.999147
-1.58          -0.999958          0.999915
-1.56          -0.999942          0.999883
-1.54          -0.999526          0.999052
-1.52          -0.99871          0.997422
-1.5          -0.997495          0.994996
-1.48          -0.995881          0.991779
-1.46          -0.993869          0.987775
-1.44          -0.991459          0.98299
-1.42          -0.988652          0.977433
-1.4          -0.98545          0.971112
-1.38          -0.981854          0.964037
-1.36          -0.977865          0.95622
-1.34          -0.973485          0.947673
-1.32          -0.968716          0.93841
-1.3          -0.963559          0.928445
-1.28          -0.958016          0.917795
-1.26          -0.952091          0.906477
-1.24          -0.945785          0.894509
-1.22          -0.9391          0.881909
-1.2          -0.93204          0.868698
-1.18          -0.924607          0.854898
-1.16          -0.916804          0.840529
-1.14          -0.908634          0.825616
-1.12          -0.900101          0.810182
-1.1          -0.891208          0.794252
-1.08          -0.881959          0.777851
-1.06          -0.872357          0.761006
-1.04          -0.862405          0.743743
-1.02          -0.852109          0.72609
-1          -0.841472          0.708075
-0.980002          -0.830499          0.689728
-0.960002          -0.819193          0.671077
-0.940002          -0.807559          0.652152
-0.920002          -0.795603          0.632984
-0.900002          -0.783328          0.613603
-0.880002          -0.77074          0.594041
-0.860002          -0.757844          0.574328
-0.840002          -0.744645          0.554496
-0.820002          -0.731147          0.534577
-0.800002          -0.717358          0.514602
-0.780002          -0.703281          0.494604
-0.760002          -0.688923          0.474615
-0.740002          -0.67429          0.454667
-0.720002          -0.659386          0.434791
-0.700002          -0.64422          0.415019
-0.680002          -0.628795          0.395383
-0.660002          -0.613119          0.375915
-0.640002          -0.597197          0.356645
-0.620003          -0.581037          0.337604
-0.600003          -0.564645          0.318823
-0.580003          -0.548026          0.300333
-0.560003          -0.531188          0.282161
-0.540003          -0.514138          0.264338
-0.520003          -0.496882          0.246892
-0.500003          -0.479428          0.229851
-0.480003          -0.461781          0.213242
-0.460003          -0.44395          0.197092
-0.440003          -0.425942          0.181426
-0.420003          -0.407763          0.166271
-0.400003          -0.389421          0.151648
-0.380003          -0.370923          0.137584
-0.360003          -0.352277          0.124099
-0.340003          -0.333489          0.111215
-0.320003          -0.314569          0.0989536
-0.300003          -0.295523          0.0873336
-0.280003          -0.276358          0.0763738
-0.260002          -0.257083          0.0660916
-0.240002          -0.237705          0.0565037
-0.220003          -0.218232          0.0476252
-0.200003          -0.198672          0.0394705
-0.180003          -0.179032          0.0320525
-0.160003          -0.159321          0.0253831
-0.140003          -0.139546          0.019473
-0.120003          -0.119715          0.0143316
-0.100003          -0.0998359          0.00996721
-0.0800025          -0.0799172          0.00638676
-0.0600025          -0.0599665          0.00359598
-0.0400025          -0.0399918          0.00159935
-0.0200025          -0.0200012          0.000400047
-2.5104e-006          -2.5104e-006          6.3021e-012
0.0199975          0.0199962          0.000399846
0.0399975          0.0399868          0.00159895
0.0599975          0.0599615          0.00359538
0.0799975          0.0799122          0.00638596
0.0999975          0.0998309          0.00996621
0.119997          0.11971          0.0143304
0.139997          0.139541          0.0194716
0.159997          0.159316          0.0253815
0.179997          0.179027          0.0320507
0.199997          0.198667          0.0394685
0.219997          0.218227          0.0476231
0.239997          0.2377          0.0565014
0.259997          0.257078          0.0660892
0.279997          0.276353          0.0763711
0.299998          0.295518          0.0873308
0.319998          0.314564          0.0989506
0.339998          0.333485          0.111212
0.359998          0.352272          0.124096
0.379998          0.370918          0.13758
0.399998          0.389416          0.151645
0.419998          0.407758          0.166267
0.439998          0.425937          0.181423
0.459998          0.443946          0.197088
0.479998          0.461777          0.213238
0.499998          0.479423          0.229847
0.519998          0.496878          0.246888
0.539998          0.514134          0.264334
0.559998          0.531184          0.282157
0.579998          0.548022          0.300328
0.599998          0.56464          0.318819
0.619998          0.581033          0.337599
0.639997          0.597193          0.35664
0.659997          0.613115          0.37591
0.679997          0.628791          0.395378
0.699997          0.644216          0.415014
0.719997          0.659383          0.434786
0.739997          0.674286          0.454662
0.759997          0.68892          0.47461
0.779997          0.703278          0.494599
0.799997          0.717354          0.514597
0.819997          0.731144          0.534572
0.839997          0.744641          0.554491
0.859997          0.757841          0.574323
0.879997          0.770737          0.594036
0.899997          0.783325          0.613598
0.919997          0.7956          0.632979
0.939997          0.807556          0.652147
0.959997          0.81919          0.671072
0.979997          0.830496          0.689723
0.999997          0.841469          0.708071
1.02          0.852107          0.726086
1.04          0.862403          0.743739
1.06          0.872354          0.761002
1.08          0.881956          0.777847
1.1          0.891206          0.794248
1.12          0.900099          0.810178
1.14          0.908632          0.825613
1.16          0.916802          0.840526
1.18          0.924605          0.854894
1.2          0.932038          0.868695
1.22          0.939098          0.881906
1.24          0.945783          0.894505
1.26          0.952089          0.906474
1.28          0.958015          0.917793
1.3          0.963557          0.928443
1.32          0.968714          0.938407
1.34          0.973484          0.947671
1.36          0.977864          0.956218
1.38          0.981853          0.964035
1.4          0.985449          0.97111
1.42          0.988651          0.977431
1.44          0.991458          0.982989
1.46          0.993868          0.987774
1.48          0.995881          0.991778
1.5          0.997495          0.994996
1.52          0.99871          0.997422
1.54          0.999526          0.999052
1.56          0.999942          0.999883
1.58          0.999958          0.999915
1.6          0.999574          0.999148
1.62          0.99879          0.997581
1.64          0.997607          0.995219
1.66          0.996024          0.992064
1.68          0.994044          0.988123
1.7          0.991665          0.9834
1.72          0.98889          0.977904
1.74          0.98572          0.971643
1.76          0.982155          0.964628
1.78          0.978197          0.95687
1.8          0.973848          0.948381
1.82          0.96911          0.939174
1.84          0.963984          0.929265
1.86          0.958472          0.918669
1.88          0.952577          0.907404
1.9          0.946301          0.895486
1.92          0.939647          0.882936
1.94          0.932616          0.869773
1.96          0.925213          0.856019
1.98          0.917439          0.841695
2          0.909299          0.826825
2.02          0.900795          0.811431
2.04          0.89193          0.79554
2.06          0.882709          0.779175
2.08          0.873135          0.762365
2.1          0.863211          0.745134
2.12          0.852943          0.727511
2.14          0.842333          0.709524
2.16          0.831386          0.691202
2.18          0.820106          0.672574
2.2          0.808499          0.65367
2.22          0.796568          0.63452
2.24          0.784318          0.615155
2.26          0.771755          0.595606
2.28          0.758883          0.575904
2.3          0.745708          0.55608
2.32          0.732234          0.536167
2.34          0.718468          0.516196
2.36          0.704414          0.496199
2.38          0.690078          0.476208
2.4          0.675466          0.456255
2.42          0.660584          0.436372
2.44          0.645438          0.416591
2.46          0.630034          0.396943
2.48          0.614378          0.37746
2.5          0.598476          0.358173
2.52          0.582334          0.339113
2.54          0.56596          0.32031
2.56          0.549359          0.301795
2.58          0.532539          0.283597
2.6          0.515505          0.265746
2.62          0.498265          0.248268
2.64          0.480826          0.231194
2.66          0.463195          0.21455
2.68          0.445379          0.198362
2.7          0.427384          0.182657
2.72          0.409218          0.16746
2.74          0.390889          0.152794
2.76          0.372403          0.138684
2.78          0.353769          0.125152
2.8          0.334992          0.11222
2.82          0.316082          0.099908
2.84          0.297046          0.0882362
2.86          0.27789          0.0772231
2.88          0.258624          0.0668863
2.9          0.239254          0.0572424
2.92          0.219788          0.0483068
2.94          0.200235          0.0400939
2.96          0.180601          0.0326167
2.98          0.160895          0.0258872
3          0.141125          0.0199162
3.02          0.121298          0.0147132
3.04          0.101423          0.0102866
3.06          0.081507          0.00664338
3.08          0.0615586          0.00378946
3.1          0.0415855          0.00172936
3.12          0.0215959          0.000466381
3.14          0.00159755          2.55218e-006
